Version 8.1.1
Min label:-50.000000
Max label:50.000000
bits:18
lda:0
0 ngram: 
0 skip: 
options: --link=logistic 
Checksum: -248441464
:0
Amount:48761:0.000305
Constant:116060:-4.271125
V1:142282:-0.036481
V10:95918:-0.418283
V11:133386:0.473056
V12:151819:-0.696925
V13:39141:-0.466729
V14:78068:-0.658312
V15:249132:-0.080759
V16:253701:-0.326012
V17:52164:-0.117374
V18:228631:-0.275936
V19:175012:-0.045846
V2:40106:-0.003743
V20:68712:-0.018345
V21:150712:0.125954
V22:180395:0.269293
V23:191497:-0.261742
V24:19755:-0.157297
V25:130312:0.443818
V26:72606:-1.750470
V27:115973:0.321568
V28:260221:0.101465
V3:35450:-0.034617
V4:189175:0.790397
V5:94135:0.045957
V6:24536:-0.215348
V7:33330:0.123307
V8:36993:-0.390730
V9:148873:-0.254674
