Version 8.1.1
Min label:-50.000000
Max label:50.000000
bits:18
lda:0
0 ngram: 
0 skip: 
options:
Checksum: -578274599
:0
Amount:48761:-0.000017
Constant:116060:-8.855013
V1:142282:0.002728
V10:95918:-0.169084
V11:133386:0.412344
V12:151819:-0.270243
V13:39141:-0.404427
V14:78068:-0.443217
V15:249132:-0.115978
V16:253701:-0.207119
V17:52164:-0.056199
V18:228631:0.054567
V19:175012:-0.078193
V2:40106:-0.002816
V20:68712:-0.015740
V21:150712:0.043542
V22:180395:0.149973
V23:191497:-0.029073
V24:19755:-0.321929
V25:130312:-0.090700
V26:72606:-0.019753
V27:115973:-0.182959
V28:260221:-0.025208
V3:35450:-0.039859
V4:189175:0.402957
V5:94135:0.059047
V6:24536:-0.040503
V7:33330:0.009001
V8:36993:-0.063668
V9:148873:-0.232742
